Damier : 4 lignes, 4 colonnes
Solution en 61 mouvements
  #  1  2  15
  8  5  6  3
  12  9  10  14
  4  13  7  11
OUEST
  15  1  2  #
  8  5  6  3
  12  9  10  14
  4  13  7  11
SUD
  15  1  2  3
  8  5  6  #
  12  9  10  14
  4  13  7  11
OUEST
  15  1  2  3
  8  5  #  6
  12  9  10  14
  4  13  7  11
SUD
  15  1  2  3
  8  5  10  6
  12  9  #  14
  4  13  7  11
EST
  15  1  2  3
  8  5  10  6
  12  9  14  #
  4  13  7  11
SUD
  15  1  2  3
  8  5  10  6
  12  9  14  11
  4  13  7  #
OUEST
  15  1  2  3
  8  5  10  6
  12  9  14  11
  4  13  #  7
NORD
  15  1  2  3
  8  5  10  6
  12  9  #  11
  4  13  14  7
NORD
  15  1  2  3
  8  5  #  6
  12  9  10  11
  4  13  14  7
EST
  15  1  2  3
  8  5  6  #
  12  9  10  11
  4  13  14  7
EST
  15  1  2  3
  #  5  6  8
  12  9  10  11
  4  13  14  7
SUD
  15  1  2  3
  12  5  6  8
  #  9  10  11
  4  13  14  7
SUD
  15  1  2  3
  12  5  6  8
  4  9  10  11
  #  13  14  7
OUEST
  15  1  2  3
  12  5  6  8
  4  9  10  11
  7  13  14  #
NORD
  15  1  2  3
  12  5  6  8
  4  9  10  #
  7  13  14  11
EST
  15  1  2  3
  12  5  6  8
  #  9  10  4
  7  13  14  11
NORD
  15  1  2  3
  #  5  6  8
  12  9  10  4
  7  13  14  11
NORD
  #  1  2  3
  15  5  6  8
  12  9  10  4
  7  13  14  11
OUEST
  3  1  2  #
  15  5  6  8
  12  9  10  4
  7  13  14  11
SUD
  3  1  2  8
  15  5  6  #
  12  9  10  4
  7  13  14  11
SUD
  3  1  2  8
  15  5  6  4
  12  9  10  #
  7  13  14  11
SUD
  3  1  2  8
  15  5  6  4
  12  9  10  11
  7  13  14  #
EST
  3  1  2  8
  15  5  6  4
  12  9  10  11
  #  13  14  7
NORD
  3  1  2  8
  15  5  6  4
  #  9  10  11
  12  13  14  7
NORD
  3  1  2  8
  #  5  6  4
  15  9  10  11
  12  13  14  7
OUEST
  3  1  2  8
  4  5  6  #
  15  9  10  11
  12  13  14  7
NORD
  3  1  2  #
  4  5  6  8
  15  9  10  11
  12  13  14  7
EST
  #  1  2  3
  4  5  6  8
  15  9  10  11
  12  13  14  7
SUD
  4  1  2  3
  #  5  6  8
  15  9  10  11
  12  13  14  7
SUD
  4  1  2  3
  15  5  6  8
  #  9  10  11
  12  13  14  7
SUD
  4  1  2  3
  15  5  6  8
  12  9  10  11
  #  13  14  7
OUEST
  4  1  2  3
  15  5  6  8
  12  9  10  11
  7  13  14  #
NORD
  4  1  2  3
  15  5  6  8
  12  9  10  #
  7  13  14  11
EST
  4  1  2  3
  15  5  6  8
  #  9  10  12
  7  13  14  11
NORD
  4  1  2  3
  #  5  6  8
  15  9  10  12
  7  13  14  11
OUEST
  4  1  2  3
  8  5  6  #
  15  9  10  12
  7  13  14  11
SUD
  4  1  2  3
  8  5  6  12
  15  9  10  #
  7  13  14  11
EST
  4  1  2  3
  8  5  6  12
  #  9  10  15
  7  13  14  11
SUD
  4  1  2  3
  8  5  6  12
  7  9  10  15
  #  13  14  11
OUEST
  4  1  2  3
  8  5  6  12
  7  9  10  15
  11  13  14  #
NORD
  4  1  2  3
  8  5  6  12
  7  9  10  #
  11  13  14  15
EST
  4  1  2  3
  8  5  6  12
  #  9  10  7
  11  13  14  15
NORD
  4  1  2  3
  #  5  6  12
  8  9  10  7
  11  13  14  15
OUEST
  4  1  2  3
  12  5  6  #
  8  9  10  7
  11  13  14  15
SUD
  4  1  2  3
  12  5  6  7
  8  9  10  #
  11  13  14  15
EST
  4  1  2  3
  12  5  6  7
  #  9  10  8
  11  13  14  15
SUD
  4  1  2  3
  12  5  6  7
  11  9  10  8
  #  13  14  15
OUEST
  4  1  2  3
  12  5  6  7
  11  9  10  8
  15  13  14  #
NORD
  4  1  2  3
  12  5  6  7
  11  9  10  #
  15  13  14  8
EST
  4  1  2  3
  12  5  6  7
  #  9  10  11
  15  13  14  8
NORD
  4  1  2  3
  #  5  6  7
  12  9  10  11
  15  13  14  8
OUEST
  4  1  2  3
  7  5  6  #
  12  9  10  11
  15  13  14  8
SUD
  4  1  2  3
  7  5  6  11
  12  9  10  #
  15  13  14  8
SUD
  4  1  2  3
  7  5  6  11
  12  9  10  8
  15  13  14  #
EST
  4  1  2  3
  7  5  6  11
  12  9  10  8
  #  13  14  15
NORD
  4  1  2  3
  7  5  6  11
  #  9  10  8
  12  13  14  15
OUEST
  4  1  2  3
  7  5  6  11
  8  9  10  #
  12  13  14  15
NORD
  4  1  2  3
  7  5  6  #
  8  9  10  11
  12  13  14  15
EST
  4  1  2  3
  #  5  6  7
  8  9  10  11
  12  13  14  15
SUD
  4  1  2  3
  8  5  6  7
  #  9  10  11
  12  13  14  15
SUD
  4  1  2  3
  8  5  6  7
  12  9  10  11
  #  13  14  15
